mgoldfar 189 78 221 19 37 544 108
nangal 140 112 67 235 139 693 138
nangal 143 102 211 46 198 700 140
fosters60 61 130 132 20 13 356 71
wyant 14 225 94 138 189 660 132
nangal 118 248 52 183 195 796 159
wyant 243 54 194 61 98 650 130
hmotevas 181 166 114 195 197 853 170
nangal 159 67 72 28 65 391 78
wyant 221 125 98 253 78 775 155
mgoldfar 101 233 189 70 127 720 144
wyant 27 239 112 197 12 587 117
fosters60 110 177 52 185 37 561 112
mgoldfar 28 183 58 25 205 499 99
wyant 180 152 170 31 186 719 143
fosters60 179 82 118 191 24 594 118
nangal 103 70 174 195 155 697 139
mgoldfar 22 90 242 146 179 679 135
mgoldfar 241 229 37 235 152 894 178
mgoldfar 248 172 66 188 178 852 170
nangal 163 111 9 95 93 471 94
wyant 110 49 18 179 5 361 72
wyant 128 67 241 249 229 914 182
fosters60 11 61 120 150 110 452 90
mgoldfar 228 223 92 47 4 594 118
wyant 27 167 44 178 106 522 104
mgoldfar 197 192 103 124 245 861 172
wyant 43 176 212 137 249 817 163
mgoldfar 59 0 21 234 197 511 102
hmotevas 111 152 211 64 23 561 112
nangal 102 184 61 60 164 571 114
nangal 127 252 77 41 99 596 119
mgoldfar 28 47 38 35 41 189 37
mgoldfar 45 128 229 146 227 775 155
wyant 165 150 20 201 142 678 135
nangal 96 252 196 59 135 738 147
wyant 45 210 145 43 170 613 122
nangal 9 22 190 110 100 431 86
fosters60 125 233 161 243 20 782 156
wyant 92 163 107 215 94 671 134
mgoldfar 189 78 221 19 37 544 108
nangal 140 112 67 235 139 693 138
nangal 143 102 211 46 198 700 140
fosters60 61 130 132 20 13 356 71
wyant 14 225 94 138 189 660 132
nangal 118 248 52 183 195 796 159
wyant 243 54 194 61 98 650 130
hmotevas 181 166 114 195 197 853 170
nangal 159 67 72 28 65 391 78
wyant 221 125 98 253 78 775 155
mgoldfar 101 233 189 70 127 720 144
wyant 27 239 112 197 12 587 117
fosters60 110 177 52 185 37 561 112
mgoldfar 28 183 58 25 205 499 99
wyant 180 152 170 31 186 719 143
fosters60 179 82 118 191 24 594 118
nangal 103 70 174 195 155 697 139
mgoldfar 22 90 242 146 179 679 135
mgoldfar 241 229 37 235 152 894 178
mgoldfar 248 172 66 188 178 852 170
mgoldfar 189 78 221 19 37 544 108
nangal 140 112 67 235 139 693 138
nangal 143 102 211 46 198 700 140
fosters60 61 130 132 20 13 356 71
wyant 14 225 94 138 189 660 132
nangal 118 248 52 183 195 796 159
wyant 243 54 194 61 98 650 130
hmotevas 181 166 114 195 197 853 170
nangal 159 67 72 28 65 391 78
wyant 221 125 98 253 78 775 155
mgoldfar 101 233 189 70 127 720 144
wyant 27 239 112 197 12 587 117
fosters60 110 177 52 185 37 561 112
mgoldfar 28 183 58 25 205 499 99
wyant 180 152 170 31 186 719 143
fosters60 179 82 118 191 24 594 118
nangal 103 70 174 195 155 697 139
mgoldfar 22 90 242 146 179 679 135
mgoldfar 241 229 37 235 152 894 178
mgoldfar 248 172 66 188 178 852 170
